13 0.1916504907522344 0.46132721261381016 0.08087187504077084 0.26289448975302776
6 0.5112246576363985 0.5981595241631342 0.0939255744177448 0.16895228454475
4 0.759709690640612 0.5185429459294584 0.05949305512799479 0.15829256871808334
9 0.6678428030571797 0.4896807357070324 0.19287325015102605 0.17844952457060184
0 0.5596746475130494 0.5234170780823842 0.09137642232211979 0.3603481225649722
10 0.49172799565968484 0.3510494367409972 0.06442810417633854 0.08479242639505
10 0.5066285217994401 0.5397575465316158 0.08465621967832812 0.08361823048402778
10 0.509538751714448 0.6117391582071032 0.08570758932326042 0.09202030817257685
10 0.8358593180087603 0.4648385495070338 0.06708341267564584 0.0684139549711787
10 0.8364705904249766 0.5162422650670663 0.05727587848151562 0.05173747827920648
10 0.30421874727267423 0.544527689954806 0.03169813391969219 0.03970785747148241
10 0.048776857152403645 0.6091616635848056 0.09755371430480729 0.12334532756833333
10 0.09860028360546093 0.7742604927533981 0.09625082345913542 0.14481602276133332
10 0.11669802339677343 0.6531443694864723 0.06956808837855728 0.10784890048674074
10 0.4981436131560677 0.4129312728119069 0.06389817890133334 0.08180836804925833
10 0.5077414877647031 0.46785974850212547 0.059427935932927084 0.07853603332728795
0 0.45985492816765416 0.5015479106717732 0.047472325257141665 0.19710373325402777
9 0.41641489781085156 0.5114116789872176 0.06742131356610938 0.12683609841949076
33 0.5173775556332656 0.5118489130605138 0.22510302571922916 0.4499755311868241
